Acceptance angle = 90.000000
Number of slices = 12
Primary Productivities
zMin = -24.000000 zMax = -20.000000
0.005729 -1.000000 -1.000000 0.005729 -1.000000 -1.000000 0.005729 -1.000000 -1.000000 0.005729 -1.000000 -1.000000 0.005729 -1.000000 -1.000000 0.005729 -1.000000 -1.000000 0.005729 -1.000000 -0.958333 0.005729 -0.958333 -0.916667 0.005729 -0.916667 -0.875000 0.005729 -0.875000 -0.833333 0.005729 -0.833333 -0.791667 0.005729 -0.791667 -0.750000 0.005729 -0.750000 -0.708333 0.005729 -0.708333 -0.666667 0.005729 -0.666667 -0.625000 0.005729 -0.625000 -0.583333 0.005729 -0.583333 -0.541667 0.005729 -0.541667 -0.500000 0.005729 -0.500000 -0.458333 0.005729 -0.458333 -0.416667 0.005729 -0.416667 -0.375000 0.005729 -0.375000 -0.333333 0.005729 -0.333333 -0.291667 0.005729 -0.291667 -0.250000 0.005729 -0.250000 -0.208333 0.005729 -0.208333 -0.166667 0.005729 -0.166667 -0.125000 0.005729 -0.125000 -0.083333 0.005729 -0.083333 -0.041667 0.005729 -0.041667 -0.000000 0.005729 -0.000000 0.041667 0.005729 0.041667 0.083333 0.005729 0.083333 0.125000 0.005729 0.125000 0.166667 0.005729 0.166667 0.208333 0.005729 0.208333 0.250000 0.005729 0.250000 0.291667 0.009129 0.291667 0.333333 0.025701 0.333333 0.375000 0.050263 0.375000 0.416667 0.081149 0.416667 0.458333 0.117056 0.458333 0.500000 0.151668 0.500000 0.541667 0.184488 0.541667 0.583333 0.214611 0.583333 0.625000 0.240447 0.625000 0.666667 0.253177 0.666667 0.708333 0.245891 0.708333 0.750000 0.215897 0.750000 0.791667 0.164800 0.791667 0.833333 0.109675 0.833333 0.875000 0.042709 0.875000 0.916667 0.005729 0.916667 0.958333 0.005729 0.958333 1.000000 0.005729 1.000000 1.000000 0.005729 1.000000 1.000000 0.005729 1.000000 1.000000 0.005729 1.000000 1.000000 0.005729 1.000000 1.000000 0.005729 1.000000 1.000000 
zMin = -20.000000 zMax = -16.000000
0.005729 -1.000000 -1.000000 0.005729 -1.000000 -1.000000 0.005729 -1.000000 -1.000000 0.005729 -1.000000 -1.000000 0.005729 -1.000000 -1.000000 0.005729 -1.000000 -1.000000 0.005729 -1.000000 -0.958333 0.005729 -0.958333 -0.916667 0.005729 -0.916667 -0.875000 0.005729 -0.875000 -0.833333 0.005729 -0.833333 -0.791667 0.005729 -0.791667 -0.750000 0.005729 -0.750000 -0.708333 0.005729 -0.708333 -0.666667 0.005729 -0.666667 -0.625000 0.005729 -0.625000 -0.583333 0.005729 -0.583333 -0.541667 0.005729 -0.541667 -0.500000 0.005729 -0.500000 -0.458333 0.005729 -0.458333 -0.416667 0.005729 -0.416667 -0.375000 0.005729 -0.375000 -0.333333 0.005729 -0.333333 -0.291667 0.005729 -0.291667 -0.250000 0.005729 -0.250000 -0.208333 0.005729 -0.208333 -0.166667 0.005729 -0.166667 -0.125000 0.005729 -0.125000 -0.083333 0.005729 -0.083333 -0.041667 0.005729 -0.041667 -0.000000 0.005729 -0.000000 0.041667 0.005729 0.041667 0.083333 0.005729 0.083333 0.125000 0.005729 0.125000 0.166667 0.005729 0.166667 0.208333 0.006559 0.208333 0.250000 0.024202 0.250000 0.291667 0.054182 0.291667 0.333333 0.092870 0.333333 0.375000 0.134168 0.375000 0.416667 0.179853 0.416667 0.458333 0.221728 0.458333 0.500000 0.256129 0.500000 0.541667 0.285560 0.541667 0.583333 0.302304 0.583333 0.625000 0.301980 0.625000 0.666667 0.278449 0.666667 0.708333 0.235662 0.708333 0.750000 0.182605 0.750000 0.791667 0.124959 0.791667 0.833333 0.061362 0.833333 0.875000 0.006072 0.875000 0.916667 0.005729 0.916667 0.958333 0.005729 0.958333 1.000000 0.005729 1.000000 1.000000 0.005729 1.000000 1.000000 0.005729 1.000000 1.000000 0.005729 1.000000 1.000000 0.005729 1.000000 1.000000 0.005729 1.000000 1.000000 
zMin = -16.000000 zMax = -12.000000
0.005729 -1.000000 -1.000000 0.005729 -1.000000 -1.000000 0.005729 -1.000000 -1.000000 0.005729 -1.000000 -1.000000 0.005729 -1.000000 -1.000000 0.005729 -1.000000 -1.000000 0.005729 -1.000000 -0.958333 0.005729 -0.958333 -0.916667 0.005729 -0.916667 -0.875000 0.005729 -0.875000 -0.833333 0.005729 -0.833333 -0.791667 0.005729 -0.791667 -0.750000 0.005729 -0.750000 -0.708333 0.005729 -0.708333 -0.666667 0.005729 -0.666667 -0.625000 0.005729 -0.625000 -0.583333 0.005729 -0.583333 -0.541667 0.005729 -0.541667 -0.500000 0.005729 -0.500000 -0.458333 0.005729 -0.458333 -0.416667 0.005729 -0.416667 -0.375000 0.005729 -0.375000 -0.333333 0.005729 -0.333333 -0.291667 0.005729 -0.291667 -0.250000 0.005729 -0.250000 -0.208333 0.005729 -0.208333 -0.166667 0.005729 -0.166667 -0.125000 0.005729 -0.125000 -0.083333 0.005729 -0.083333 -0.041667 0.005729 -0.041667 -0.000000 0.005729 -0.000000 0.041667 0.005729 0.041667 0.083333 0.005729 0.083333 0.125000 0.005729 0.125000 0.166667 0.024420 0.166667 0.208333 0.063901 0.208333 0.250000 0.116113 0.250000 0.291667 0.174860 0.291667 0.333333 0.230339 0.333333 0.375000 0.278221 0.375000 0.416667 0.315358 0.416667 0.458333 0.337804 0.458333 0.500000 0.340487 0.500000 0.541667 0.331722 0.541667 0.583333 0.304665 0.583333 0.625000 0.263010 0.625000 0.666667 0.210428 0.666667 0.708333 0.153623 0.708333 0.750000 0.100752 0.750000 0.791667 0.052461 0.791667 0.833333 0.005736 0.833333 0.875000 0.005729 0.875000 0.916667 0.005729 0.916667 0.958333 0.005729 0.958333 1.000000 0.005729 1.000000 1.000000 0.005729 1.000000 1.000000 0.005729 1.000000 1.000000 0.005729 1.000000 1.000000 0.005729 1.000000 1.000000 0.005729 1.000000 1.000000 
zMin = -12.000000 zMax = -8.000000
0.005729 -1.000000 -1.000000 0.005729 -1.000000 -1.000000 0.005729 -1.000000 -1.000000 0.005729 -1.000000 -1.000000 0.005729 -1.000000 -1.000000 0.005729 -1.000000 -1.000000 0.005729 -1.000000 -0.958333 0.005729 -0.958333 -0.916667 0.005729 -0.916667 -0.875000 0.005729 -0.875000 -0.833333 0.005729 -0.833333 -0.791667 0.005729 -0.791667 -0.750000 0.005729 -0.750000 -0.708333 0.005729 -0.708333 -0.666667 0.005729 -0.666667 -0.625000 0.005729 -0.625000 -0.583333 0.005729 -0.583333 -0.541667 0.005729 -0.541667 -0.500000 0.005729 -0.500000 -0.458333 0.005729 -0.458333 -0.416667 0.005729 -0.416667 -0.375000 0.005729 -0.375000 -0.333333 0.005729 -0.333333 -0.291667 0.005729 -0.291667 -0.250000 0.005729 -0.250000 -0.208333 0.005729 -0.208333 -0.166667 0.005729 -0.166667 -0.125000 0.005729 -0.125000 -0.083333 0.005729 -0.083333 -0.041667 0.005729 -0.041667 -0.000000 0.005729 -0.000000 0.041667 0.005729 0.041667 0.083333 0.033568 0.083333 0.125000 0.104189 0.125000 0.166667 0.190686 0.166667 0.208333 0.268277 0.208333 0.250000 0.328232 0.250000 0.291667 0.364165 0.291667 0.333333 0.382509 0.333333 0.375000 0.381671 0.375000 0.416667 0.368842 0.416667 0.458333 0.341442 0.458333 0.500000 0.305322 0.500000 0.541667 0.254306 0.541667 0.583333 0.202155 0.583333 0.625000 0.151452 0.625000 0.666667 0.104822 0.666667 0.708333 0.060633 0.708333 0.750000 0.016817 0.750000 0.791667 0.005729 0.791667 0.833333 0.005729 0.833333 0.875000 0.005729 0.875000 0.916667 0.005729 0.916667 0.958333 0.005729 0.958333 1.000000 0.005729 1.000000 1.000000 0.005729 1.000000 1.000000 0.005729 1.000000 1.000000 0.005729 1.000000 1.000000 0.005729 1.000000 1.000000 0.005729 1.000000 1.000000 
zMin = -8.000000 zMax = -4.000000
0.005729 -1.000000 -1.000000 0.005729 -1.000000 -1.000000 0.005729 -1.000000 -1.000000 0.005729 -1.000000 -1.000000 0.005729 -1.000000 -1.000000 0.005729 -1.000000 -1.000000 0.005729 -1.000000 -0.958333 0.005729 -0.958333 -0.916667 0.005729 -0.916667 -0.875000 0.005729 -0.875000 -0.833333 0.005729 -0.833333 -0.791667 0.005729 -0.791667 -0.750000 0.005729 -0.750000 -0.708333 0.005729 -0.708333 -0.666667 0.005729 -0.666667 -0.625000 0.005729 -0.625000 -0.583333 0.005729 -0.583333 -0.541667 0.005729 -0.541667 -0.500000 0.005729 -0.500000 -0.458333 0.005729 -0.458333 -0.416667 0.005729 -0.416667 -0.375000 0.005729 -0.375000 -0.333333 0.005729 -0.333333 -0.291667 0.005729 -0.291667 -0.250000 0.005729 -0.250000 -0.208333 0.005729 -0.208333 -0.166667 0.005729 -0.166667 -0.125000 0.005729 -0.125000 -0.083333 0.005729 -0.083333 -0.041667 0.005729 -0.041667 -0.000000 0.153762 -0.000000 0.041667 0.263195 0.041667 0.083333 0.342167 0.083333 0.125000 0.390808 0.125000 0.166667 0.419117 0.166667 0.208333 0.423183 0.208333 0.250000 0.412454 0.250000 0.291667 0.388752 0.291667 0.333333 0.354918 0.333333 0.375000 0.312159 0.375000 0.416667 0.257475 0.416667 0.458333 0.204752 0.458333 0.500000 0.152644 0.500000 0.541667 0.110689 0.541667 0.583333 0.068659 0.583333 0.625000 0.031949 0.625000 0.666667 0.007464 0.666667 0.708333 0.005729 0.708333 0.750000 0.005729 0.750000 0.791667 0.005729 0.791667 0.833333 0.005729 0.833333 0.875000 0.005729 0.875000 0.916667 0.005729 0.916667 0.958333 0.005729 0.958333 1.000000 0.005729 1.000000 1.000000 0.005729 1.000000 1.000000 0.005729 1.000000 1.000000 0.005729 1.000000 1.000000 0.005729 1.000000 1.000000 0.005729 1.000000 1.000000 
zMin = -4.000000 zMax = 0.000000
0.005729 -1.000000 -1.000000 0.005729 -1.000000 -1.000000 0.005729 -1.000000 -1.000000 0.005729 -1.000000 -1.000000 0.005729 -1.000000 -1.000000 0.005729 -1.000000 -1.000000 0.005729 -1.000000 -0.958333 0.005729 -0.958333 -0.916667 0.005729 -0.916667 -0.875000 0.005729 -0.875000 -0.833333 0.005729 -0.833333 -0.791667 0.005729 -0.791667 -0.750000 0.005729 -0.750000 -0.708333 0.005729 -0.708333 -0.666667 0.005729 -0.666667 -0.625000 0.005729 -0.625000 -0.583333 0.005729 -0.583333 -0.541667 0.005729 -0.541667 -0.500000 0.005729 -0.500000 -0.458333 0.005729 -0.458333 -0.416667 0.005729 -0.416667 -0.375000 0.005729 -0.375000 -0.333333 0.005729 -0.333333 -0.291667 0.018524 -0.291667 -0.250000 0.048857 -0.250000 -0.208333 0.089200 -0.208333 -0.166667 0.137091 -0.166667 -0.125000 0.229185 -0.125000 -0.083333 0.325933 -0.083333 -0.041667 0.388281 -0.041667 -0.000000 0.410376 -0.000000 0.041667 0.395190 0.041667 0.083333 0.390733 0.083333 0.125000 0.390850 0.125000 0.166667 0.362063 0.166667 0.208333 0.314661 0.208333 0.250000 0.255320 0.250000 0.291667 0.198691 0.291667 0.333333 0.140121 0.333333 0.375000 0.102096 0.375000 0.416667 0.062694 0.416667 0.458333 0.034038 0.458333 0.500000 0.011330 0.500000 0.541667 0.005729 0.541667 0.583333 0.005729 0.583333 0.625000 0.005729 0.625000 0.666667 0.005729 0.666667 0.708333 0.005729 0.708333 0.750000 0.005729 0.750000 0.791667 0.005729 0.791667 0.833333 0.005729 0.833333 0.875000 0.005729 0.875000 0.916667 0.005729 0.916667 0.958333 0.005729 0.958333 1.000000 0.005729 1.000000 1.000000 0.005729 1.000000 1.000000 0.005729 1.000000 1.000000 0.005729 1.000000 1.000000 0.005729 1.000000 1.000000 0.005729 1.000000 1.000000 
zMin = 0.000000 zMax = 4.000000
0.005729 -1.000000 -1.000000 0.005729 -1.000000 -1.000000 0.005729 -1.000000 -1.000000 0.005729 -1.000000 -1.000000 0.005729 -1.000000 -1.000000 0.005729 -1.000000 -1.000000 0.005729 -1.000000 -0.958333 0.005729 -0.958333 -0.916667 0.005729 -0.916667 -0.875000 0.005729 -0.875000 -0.833333 0.005729 -0.833333 -0.791667 0.005729 -0.791667 -0.750000 0.005729 -0.750000 -0.708333 0.005729 -0.708333 -0.666667 0.005729 -0.666667 -0.625000 0.005729 -0.625000 -0.583333 0.005729 -0.583333 -0.541667 0.010253 -0.541667 -0.500000 0.033509 -0.500000 -0.458333 0.062831 -0.458333 -0.416667 0.096498 -0.416667 -0.375000 0.143183 -0.375000 -0.333333 0.196484 -0.333333 -0.291667 0.257518 -0.291667 -0.250000 0.313105 -0.250000 -0.208333 0.363757 -0.208333 -0.166667 0.387443 -0.166667 -0.125000 0.389935 -0.125000 -0.083333 0.397663 -0.083333 -0.041667 0.409092 -0.041667 -0.000000 0.389867 -0.000000 0.041667 0.325264 0.041667 0.083333 0.230871 0.083333 0.125000 0.138947 0.125000 0.166667 0.087490 0.166667 0.208333 0.048056 0.208333 0.250000 0.020011 0.250000 0.291667 0.005729 0.291667 0.333333 0.005729 0.333333 0.375000 0.005729 0.375000 0.416667 0.005729 0.416667 0.458333 0.005729 0.458333 0.500000 0.005729 0.500000 0.541667 0.005729 0.541667 0.583333 0.005729 0.583333 0.625000 0.005729 0.625000 0.666667 0.005729 0.666667 0.708333 0.005729 0.708333 0.750000 0.005729 0.750000 0.791667 0.005729 0.791667 0.833333 0.005729 0.833333 0.875000 0.005729 0.875000 0.916667 0.005729 0.916667 0.958333 0.005729 0.958333 1.000000 0.005729 1.000000 1.000000 0.005729 1.000000 1.000000 0.005729 1.000000 1.000000 0.005729 1.000000 1.000000 0.005729 1.000000 1.000000 0.005729 1.000000 1.000000 
zMin = 4.000000 zMax = 8.000000
0.005729 -1.000000 -1.000000 0.005729 -1.000000 -1.000000 0.005729 -1.000000 -1.000000 0.005729 -1.000000 -1.000000 0.005729 -1.000000 -1.000000 0.005729 -1.000000 -1.000000 0.005729 -1.000000 -0.958333 0.005729 -0.958333 -0.916667 0.005729 -0.916667 -0.875000 0.005729 -0.875000 -0.833333 0.005729 -0.833333 -0.791667 0.005729 -0.791667 -0.750000 0.005729 -0.750000 -0.708333 0.007269 -0.708333 -0.666667 0.034976 -0.666667 -0.625000 0.067061 -0.625000 -0.583333 0.107031 -0.583333 -0.541667 0.155367 -0.541667 -0.500000 0.206473 -0.500000 -0.458333 0.259656 -0.458333 -0.416667 0.312080 -0.416667 -0.375000 0.357441 -0.375000 -0.333333 0.390155 -0.333333 -0.291667 0.411350 -0.291667 -0.250000 0.423826 -0.250000 -0.208333 0.417826 -0.208333 -0.166667 0.391284 -0.166667 -0.125000 0.342614 -0.125000 -0.083333 0.267789 -0.083333 -0.041667 0.154612 -0.041667 -0.000000 0.006299 -0.000000 0.041667 0.005729 0.041667 0.083333 0.005729 0.083333 0.125000 0.005729 0.125000 0.166667 0.005729 0.166667 0.208333 0.005729 0.208333 0.250000 0.005729 0.250000 0.291667 0.005729 0.291667 0.333333 0.005729 0.333333 0.375000 0.005729 0.375000 0.416667 0.005729 0.416667 0.458333 0.005729 0.458333 0.500000 0.005729 0.500000 0.541667 0.005729 0.541667 0.583333 0.005729 0.583333 0.625000 0.005729 0.625000 0.666667 0.005729 0.666667 0.708333 0.005729 0.708333 0.750000 0.005729 0.750000 0.791667 0.005729 0.791667 0.833333 0.005729 0.833333 0.875000 0.005729 0.875000 0.916667 0.005729 0.916667 0.958333 0.005729 0.958333 1.000000 0.005729 1.000000 1.000000 0.005729 1.000000 1.000000 0.005729 1.000000 1.000000 0.005729 1.000000 1.000000 0.005729 1.000000 1.000000 0.005729 1.000000 1.000000 
zMin = 8.000000 zMax = 12.000000
0.005729 -1.000000 -1.000000 0.005729 -1.000000 -1.000000 0.005729 -1.000000 -1.000000 0.005729 -1.000000 -1.000000 0.005729 -1.000000 -1.000000 0.005729 -1.000000 -1.000000 0.005729 -1.000000 -0.958333 0.005729 -0.958333 -0.916667 0.005729 -0.916667 -0.875000 0.005729 -0.875000 -0.833333 0.005729 -0.833333 -0.791667 0.019986 -0.791667 -0.750000 0.054499 -0.750000 -0.708333 0.104705 -0.708333 -0.666667 0.150331 -0.666667 -0.625000 0.201024 -0.625000 -0.583333 0.252329 -0.583333 -0.541667 0.302384 -0.541667 -0.500000 0.343312 -0.500000 -0.458333 0.370848 -0.458333 -0.416667 0.383374 -0.416667 -0.375000 0.383136 -0.375000 -0.333333 0.365119 -0.333333 -0.291667 0.326743 -0.291667 -0.250000 0.265220 -0.250000 -0.208333 0.186744 -0.208333 -0.166667 0.105666 -0.166667 -0.125000 0.033409 -0.125000 -0.083333 0.005729 -0.083333 -0.041667 0.005729 -0.041667 -0.000000 0.005729 -0.000000 0.041667 0.005729 0.041667 0.083333 0.005729 0.083333 0.125000 0.005729 0.125000 0.166667 0.005729 0.166667 0.208333 0.005729 0.208333 0.250000 0.005729 0.250000 0.291667 0.005729 0.291667 0.333333 0.005729 0.333333 0.375000 0.005729 0.375000 0.416667 0.005729 0.416667 0.458333 0.005729 0.458333 0.500000 0.005729 0.500000 0.541667 0.005729 0.541667 0.583333 0.005729 0.583333 0.625000 0.005729 0.625000 0.666667 0.005729 0.666667 0.708333 0.005729 0.708333 0.750000 0.005729 0.750000 0.791667 0.005729 0.791667 0.833333 0.005729 0.833333 0.875000 0.005729 0.875000 0.916667 0.005729 0.916667 0.958333 0.005729 0.958333 1.000000 0.005729 1.000000 1.000000 0.005729 1.000000 1.000000 0.005729 1.000000 1.000000 0.005729 1.000000 1.000000 0.005729 1.000000 1.000000 0.005729 1.000000 1.000000 
zMin = 12.000000 zMax = 16.000000
0.005729 -1.000000 -1.000000 0.005729 -1.000000 -1.000000 0.005729 -1.000000 -1.000000 0.005729 -1.000000 -1.000000 0.005729 -1.000000 -1.000000 0.005729 -1.000000 -1.000000 0.005729 -1.000000 -0.958333 0.005729 -0.958333 -0.916667 0.005729 -0.916667 -0.875000 0.006116 -0.875000 -0.833333 0.046629 -0.833333 -0.791667 0.103900 -0.791667 -0.750000 0.155129 -0.750000 -0.708333 0.210234 -0.708333 -0.666667 0.258453 -0.666667 -0.625000 0.304681 -0.625000 -0.583333 0.331919 -0.583333 -0.541667 0.340371 -0.541667 -0.500000 0.336255 -0.500000 -0.458333 0.315899 -0.458333 -0.416667 0.277058 -0.416667 -0.375000 0.228671 -0.375000 -0.333333 0.172090 -0.333333 -0.291667 0.119192 -0.291667 -0.250000 0.064280 -0.250000 -0.208333 0.024227 -0.208333 -0.166667 0.005729 -0.166667 -0.125000 0.005729 -0.125000 -0.083333 0.005729 -0.083333 -0.041667 0.005729 -0.041667 -0.000000 0.005729 -0.000000 0.041667 0.005729 0.041667 0.083333 0.005729 0.083333 0.125000 0.005729 0.125000 0.166667 0.005729 0.166667 0.208333 0.005729 0.208333 0.250000 0.005729 0.250000 0.291667 0.005729 0.291667 0.333333 0.005729 0.333333 0.375000 0.005729 0.375000 0.416667 0.005729 0.416667 0.458333 0.005729 0.458333 0.500000 0.005729 0.500000 0.541667 0.005729 0.541667 0.583333 0.005729 0.583333 0.625000 0.005729 0.625000 0.666667 0.005729 0.666667 0.708333 0.005729 0.708333 0.750000 0.005729 0.750000 0.791667 0.005729 0.791667 0.833333 0.005729 0.833333 0.875000 0.005729 0.875000 0.916667 0.005729 0.916667 0.958333 0.005729 0.958333 1.000000 0.005729 1.000000 1.000000 0.005729 1.000000 1.000000 0.005729 1.000000 1.000000 0.005729 1.000000 1.000000 0.005729 1.000000 1.000000 0.005729 1.000000 1.000000 
zMin = 16.000000 zMax = 20.000000
0.005729 -1.000000 -1.000000 0.005729 -1.000000 -1.000000 0.005729 -1.000000 -1.000000 0.005729 -1.000000 -1.000000 0.005729 -1.000000 -1.000000 0.005729 -1.000000 -1.000000 0.005729 -1.000000 -0.958333 0.005729 -0.958333 -0.916667 0.008763 -0.916667 -0.875000 0.057346 -0.875000 -0.833333 0.123098 -0.833333 -0.791667 0.185859 -0.791667 -0.750000 0.233978 -0.750000 -0.708333 0.279667 -0.708333 -0.666667 0.298825 -0.666667 -0.625000 0.301618 -0.625000 -0.583333 0.286455 -0.583333 -0.541667 0.260840 -0.541667 -0.500000 0.221203 -0.500000 -0.458333 0.179961 -0.458333 -0.416667 0.135715 -0.416667 -0.375000 0.093191 -0.375000 -0.333333 0.053160 -0.333333 -0.291667 0.024507 -0.291667 -0.250000 0.006353 -0.250000 -0.208333 0.005729 -0.208333 -0.166667 0.005729 -0.166667 -0.125000 0.005729 -0.125000 -0.083333 0.005729 -0.083333 -0.041667 0.005729 -0.041667 -0.000000 0.005729 -0.000000 0.041667 0.005729 0.041667 0.083333 0.005729 0.083333 0.125000 0.005729 0.125000 0.166667 0.005729 0.166667 0.208333 0.005729 0.208333 0.250000 0.005729 0.250000 0.291667 0.005729 0.291667 0.333333 0.005729 0.333333 0.375000 0.005729 0.375000 0.416667 0.005729 0.416667 0.458333 0.005729 0.458333 0.500000 0.005729 0.500000 0.541667 0.005729 0.541667 0.583333 0.005729 0.583333 0.625000 0.005729 0.625000 0.666667 0.005729 0.666667 0.708333 0.005729 0.708333 0.750000 0.005729 0.750000 0.791667 0.005729 0.791667 0.833333 0.005729 0.833333 0.875000 0.005729 0.875000 0.916667 0.005729 0.916667 0.958333 0.005729 0.958333 1.000000 0.005729 1.000000 1.000000 0.005729 1.000000 1.000000 0.005729 1.000000 1.000000 0.005729 1.000000 1.000000 0.005729 1.000000 1.000000 0.005729 1.000000 1.000000 
zMin = 20.000000 zMax = 24.000000
0.005729 -1.000000 -1.000000 0.005729 -1.000000 -1.000000 0.005729 -1.000000 -1.000000 0.005729 -1.000000 -1.000000 0.005729 -1.000000 -1.000000 0.005729 -1.000000 -1.000000 0.005729 -1.000000 -0.958333 0.005729 -0.958333 -0.916667 0.044278 -0.916667 -0.875000 0.108544 -0.875000 -0.833333 0.165754 -0.833333 -0.791667 0.212498 -0.791667 -0.750000 0.245619 -0.750000 -0.708333 0.251191 -0.708333 -0.666667 0.240347 -0.666667 -0.625000 0.217295 -0.625000 -0.583333 0.184023 -0.583333 -0.541667 0.150786 -0.541667 -0.500000 0.117438 -0.500000 -0.458333 0.081018 -0.458333 -0.416667 0.050571 -0.416667 -0.375000 0.025609 -0.375000 -0.333333 0.009099 -0.333333 -0.291667 0.005729 -0.291667 -0.250000 0.005729 -0.250000 -0.208333 0.005729 -0.208333 -0.166667 0.005729 -0.166667 -0.125000 0.005729 -0.125000 -0.083333 0.005729 -0.083333 -0.041667 0.005729 -0.041667 -0.000000 0.005729 -0.000000 0.041667 0.005729 0.041667 0.083333 0.005729 0.083333 0.125000 0.005729 0.125000 0.166667 0.005729 0.166667 0.208333 0.005729 0.208333 0.250000 0.005729 0.250000 0.291667 0.005729 0.291667 0.333333 0.005729 0.333333 0.375000 0.005729 0.375000 0.416667 0.005729 0.416667 0.458333 0.005729 0.458333 0.500000 0.005729 0.500000 0.541667 0.005729 0.541667 0.583333 0.005729 0.583333 0.625000 0.005729 0.625000 0.666667 0.005729 0.666667 0.708333 0.005729 0.708333 0.750000 0.005729 0.750000 0.791667 0.005729 0.791667 0.833333 0.005729 0.833333 0.875000 0.005729 0.875000 0.916667 0.005729 0.916667 0.958333 0.005729 0.958333 1.000000 0.005729 1.000000 1.000000 0.005729 1.000000 1.000000 0.005729 1.000000 1.000000 0.005729 1.000000 1.000000 0.005729 1.000000 1.000000 0.005729 1.000000 1.000000 

Scatter Productivities
zMin = -24.000000 zMax = -20.000000
0.002533 -1.000000 -1.000000 0.002533 -1.000000 -1.000000 0.002533 -1.000000 -1.000000 0.002533 -1.000000 -1.000000 0.002533 -1.000000 -1.000000 0.002533 -1.000000 -1.000000 0.002533 -1.000000 -0.958333 0.002533 -0.958333 -0.916667 0.002533 -0.916667 -0.875000 0.002533 -0.875000 -0.833333 0.002533 -0.833333 -0.791667 0.002533 -0.791667 -0.750000 0.002533 -0.750000 -0.708333 0.002533 -0.708333 -0.666667 0.002533 -0.666667 -0.625000 0.002533 -0.625000 -0.583333 0.002533 -0.583333 -0.541667 0.002533 -0.541667 -0.500000 0.002533 -0.500000 -0.458333 0.002533 -0.458333 -0.416667 0.002533 -0.416667 -0.375000 0.002533 -0.375000 -0.333333 0.002533 -0.333333 -0.291667 0.002533 -0.291667 -0.250000 0.002533 -0.250000 -0.208333 0.002533 -0.208333 -0.166667 0.003035 -0.166667 -0.125000 0.004223 -0.125000 -0.083333 0.006793 -0.083333 -0.041667 0.008740 -0.041667 -0.000000 0.011655 -0.000000 0.041667 0.015679 0.041667 0.083333 0.020407 0.083333 0.125000 0.025383 0.125000 0.166667 0.031247 0.166667 0.208333 0.036523 0.208333 0.250000 0.042190 0.250000 0.291667 0.047996 0.291667 0.333333 0.053259 0.333333 0.375000 0.056824 0.375000 0.416667 0.061997 0.416667 0.458333 0.064927 0.458333 0.500000 0.067353 0.500000 0.541667 0.068655 0.541667 0.583333 0.068799 0.583333 0.625000 0.069485 0.625000 0.666667 0.067405 0.666667 0.708333 0.064941 0.708333 0.750000 0.061898 0.750000 0.791667 0.057322 0.791667 0.833333 0.051131 0.833333 0.875000 0.043532 0.875000 0.916667 0.032641 0.916667 0.958333 0.020178 0.958333 1.000000 0.002533 1.000000 1.000000 0.002533 1.000000 1.000000 0.002533 1.000000 1.000000 0.002533 1.000000 1.000000 0.002533 1.000000 1.000000 0.002533 1.000000 1.000000 
zMin = -20.000000 zMax = -16.000000
0.002533 -1.000000 -1.000000 0.002533 -1.000000 -1.000000 0.002533 -1.000000 -1.000000 0.002533 -1.000000 -1.000000 0.002533 -1.000000 -1.000000 0.002533 -1.000000 -1.000000 0.002533 -1.000000 -0.958333 0.002533 -0.958333 -0.916667 0.002533 -0.916667 -0.875000 0.002533 -0.875000 -0.833333 0.002533 -0.833333 -0.791667 0.002533 -0.791667 -0.750000 0.002533 -0.750000 -0.708333 0.002533 -0.708333 -0.666667 0.002533 -0.666667 -0.625000 0.002533 -0.625000 -0.583333 0.002533 -0.583333 -0.541667 0.002533 -0.541667 -0.500000 0.002533 -0.500000 -0.458333 0.002533 -0.458333 -0.416667 0.002533 -0.416667 -0.375000 0.002533 -0.375000 -0.333333 0.002533 -0.333333 -0.291667 0.002533 -0.291667 -0.250000 0.002922 -0.250000 -0.208333 0.004996 -0.208333 -0.166667 0.006535 -0.166667 -0.125000 0.010500 -0.125000 -0.083333 0.012876 -0.083333 -0.041667 0.018097 -0.041667 -0.000000 0.022617 -0.000000 0.041667 0.028692 0.041667 0.083333 0.034480 0.083333 0.125000 0.039910 0.125000 0.166667 0.046095 0.166667 0.208333 0.051135 0.208333 0.250000 0.057379 0.250000 0.291667 0.062187 0.291667 0.333333 0.065952 0.333333 0.375000 0.070604 0.375000 0.416667 0.071334 0.416667 0.458333 0.072876 0.458333 0.500000 0.074441 0.500000 0.541667 0.073164 0.541667 0.583333 0.071810 0.583333 0.625000 0.069409 0.625000 0.666667 0.062713 0.666667 0.708333 0.059667 0.708333 0.750000 0.055892 0.750000 0.791667 0.051575 0.791667 0.833333 0.044532 0.833333 0.875000 0.035399 0.875000 0.916667 0.025419 0.916667 0.958333 0.012579 0.958333 1.000000 0.002533 1.000000 1.000000 0.002533 1.000000 1.000000 0.002533 1.000000 1.000000 0.002533 1.000000 1.000000 0.002533 1.000000 1.000000 0.002533 1.000000 1.000000 
zMin = -16.000000 zMax = -12.000000
0.002533 -1.000000 -1.000000 0.002533 -1.000000 -1.000000 0.002533 -1.000000 -1.000000 0.002533 -1.000000 -1.000000 0.002533 -1.000000 -1.000000 0.002533 -1.000000 -1.000000 0.002533 -1.000000 -0.958333 0.002533 -0.958333 -0.916667 0.002533 -0.916667 -0.875000 0.002533 -0.875000 -0.833333 0.002533 -0.833333 -0.791667 0.002533 -0.791667 -0.750000 0.002533 -0.750000 -0.708333 0.002533 -0.708333 -0.666667 0.002533 -0.666667 -0.625000 0.002533 -0.625000 -0.583333 0.002533 -0.583333 -0.541667 0.002533 -0.541667 -0.500000 0.002533 -0.500000 -0.458333 0.002533 -0.458333 -0.416667 0.002533 -0.416667 -0.375000 0.002533 -0.375000 -0.333333 0.003665 -0.333333 -0.291667 0.005163 -0.291667 -0.250000 0.008003 -0.250000 -0.208333 0.011019 -0.208333 -0.166667 0.015614 -0.166667 -0.125000 0.021038 -0.125000 -0.083333 0.027107 -0.083333 -0.041667 0.033702 -0.041667 -0.000000 0.039391 -0.000000 0.041667 0.046248 0.041667 0.083333 0.052933 0.083333 0.125000 0.059673 0.125000 0.166667 0.064829 0.166667 0.208333 0.067959 0.208333 0.250000 0.073670 0.250000 0.291667 0.074760 0.291667 0.333333 0.078609 0.333333 0.375000 0.079280 0.375000 0.416667 0.079145 0.416667 0.458333 0.079353 0.458333 0.500000 0.075686 0.500000 0.541667 0.072286 0.541667 0.583333 0.067275 0.583333 0.625000 0.064691 0.625000 0.666667 0.059077 0.666667 0.708333 0.055194 0.708333 0.750000 0.048141 0.750000 0.791667 0.039288 0.791667 0.833333 0.032485 0.833333 0.875000 0.024756 0.875000 0.916667 0.015791 0.916667 0.958333 0.006477 0.958333 1.000000 0.002533 1.000000 1.000000 0.002533 1.000000 1.000000 0.002533 1.000000 1.000000 0.002533 1.000000 1.000000 0.002533 1.000000 1.000000 0.002533 1.000000 1.000000 
zMin = -12.000000 zMax = -8.000000
0.002533 -1.000000 -1.000000 0.002533 -1.000000 -1.000000 0.002533 -1.000000 -1.000000 0.002533 -1.000000 -1.000000 0.002533 -1.000000 -1.000000 0.002533 -1.000000 -1.000000 0.002533 -1.000000 -0.958333 0.002533 -0.958333 -0.916667 0.002533 -0.916667 -0.875000 0.002533 -0.875000 -0.833333 0.002533 -0.833333 -0.791667 0.002533 -0.791667 -0.750000 0.002533 -0.750000 -0.708333 0.002533 -0.708333 -0.666667 0.002533 -0.666667 -0.625000 0.002533 -0.625000 -0.583333 0.002533 -0.583333 -0.541667 0.002533 -0.541667 -0.500000 0.002533 -0.500000 -0.458333 0.002533 -0.458333 -0.416667 0.004637 -0.416667 -0.375000 0.006971 -0.375000 -0.333333 0.011250 -0.333333 -0.291667 0.015410 -0.291667 -0.250000 0.020608 -0.250000 -0.208333 0.026212 -0.208333 -0.166667 0.034535 -0.166667 -0.125000 0.040551 -0.125000 -0.083333 0.046549 -0.083333 -0.041667 0.055126 -0.041667 -0.000000 0.058794 -0.000000 0.041667 0.068079 0.041667 0.083333 0.071085 0.083333 0.125000 0.075538 0.125000 0.166667 0.080560 0.166667 0.208333 0.081495 0.208333 0.250000 0.084577 0.250000 0.291667 0.084122 0.291667 0.333333 0.082896 0.333333 0.375000 0.082983 0.375000 0.416667 0.079194 0.416667 0.458333 0.074148 0.458333 0.500000 0.072654 0.500000 0.541667 0.066240 0.541667 0.583333 0.059265 0.583333 0.625000 0.054235 0.625000 0.666667 0.046603 0.666667 0.708333 0.041154 0.708333 0.750000 0.032531 0.750000 0.791667 0.027135 0.791667 0.833333 0.017843 0.833333 0.875000 0.012060 0.875000 0.916667 0.005591 0.916667 0.958333 0.002533 0.958333 1.000000 0.002533 1.000000 1.000000 0.002533 1.000000 1.000000 0.002533 1.000000 1.000000 0.002533 1.000000 1.000000 0.002533 1.000000 1.000000 0.002533 1.000000 1.000000 
zMin = -8.000000 zMax = -4.000000
0.002533 -1.000000 -1.000000 0.002533 -1.000000 -1.000000 0.002533 -1.000000 -1.000000 0.002533 -1.000000 -1.000000 0.002533 -1.000000 -1.000000 0.002533 -1.000000 -1.000000 0.002533 -1.000000 -0.958333 0.002533 -0.958333 -0.916667 0.002533 -0.916667 -0.875000 0.002533 -0.875000 -0.833333 0.002533 -0.833333 -0.791667 0.002533 -0.791667 -0.750000 0.002533 -0.750000 -0.708333 0.002533 -0.708333 -0.666667 0.002533 -0.666667 -0.625000 0.002533 -0.625000 -0.583333 0.002533 -0.583333 -0.541667 0.003248 -0.541667 -0.500000 0.005318 -0.500000 -0.458333 0.008197 -0.458333 -0.416667 0.014113 -0.416667 -0.375000 0.020890 -0.375000 -0.333333 0.026480 -0.333333 -0.291667 0.033512 -0.291667 -0.250000 0.041574 -0.250000 -0.208333 0.048174 -0.208333 -0.166667 0.057819 -0.166667 -0.125000 0.065366 -0.125000 -0.083333 0.071630 -0.083333 -0.041667 0.075497 -0.041667 -0.000000 0.078761 -0.000000 0.041667 0.082669 0.041667 0.083333 0.086046 0.083333 0.125000 0.087552 0.125000 0.166667 0.088464 0.166667 0.208333 0.088460 0.208333 0.250000 0.086656 0.250000 0.291667 0.084111 0.291667 0.333333 0.080402 0.333333 0.375000 0.075412 0.375000 0.416667 0.070756 0.416667 0.458333 0.062568 0.458333 0.500000 0.058794 0.500000 0.541667 0.051093 0.541667 0.583333 0.045225 0.583333 0.625000 0.038369 0.625000 0.666667 0.028978 0.666667 0.708333 0.024195 0.708333 0.750000 0.017288 0.750000 0.791667 0.012361 0.791667 0.833333 0.006516 0.833333 0.875000 0.003555 0.875000 0.916667 0.002533 0.916667 0.958333 0.002533 0.958333 1.000000 0.002533 1.000000 1.000000 0.002533 1.000000 1.000000 0.002533 1.000000 1.000000 0.002533 1.000000 1.000000 0.002533 1.000000 1.000000 0.002533 1.000000 1.000000 
zMin = -4.000000 zMax = 0.000000
0.002533 -1.000000 -1.000000 0.002533 -1.000000 -1.000000 0.002533 -1.000000 -1.000000 0.002533 -1.000000 -1.000000 0.002533 -1.000000 -1.000000 0.002533 -1.000000 -1.000000 0.002533 -1.000000 -0.958333 0.002533 -0.958333 -0.916667 0.002533 -0.916667 -0.875000 0.002533 -0.875000 -0.833333 0.002533 -0.833333 -0.791667 0.002533 -0.791667 -0.750000 0.002533 -0.750000 -0.708333 0.002533 -0.708333 -0.666667 0.003795 -0.666667 -0.625000 0.006530 -0.625000 -0.583333 0.009935 -0.583333 -0.541667 0.016106 -0.541667 -0.500000 0.021915 -0.500000 -0.458333 0.028301 -0.458333 -0.416667 0.035301 -0.416667 -0.375000 0.042393 -0.375000 -0.333333 0.049949 -0.333333 -0.291667 0.057195 -0.291667 -0.250000 0.063646 -0.250000 -0.208333 0.069511 -0.208333 -0.166667 0.077849 -0.166667 -0.125000 0.083514 -0.125000 -0.083333 0.087476 -0.083333 -0.041667 0.091567 -0.041667 -0.000000 0.092890 -0.000000 0.041667 0.092762 0.041667 0.083333 0.090887 0.083333 0.125000 0.088670 0.125000 0.166667 0.086373 0.166667 0.208333 0.083878 0.208333 0.250000 0.075581 0.250000 0.291667 0.072551 0.291667 0.333333 0.064389 0.333333 0.375000 0.058132 0.375000 0.416667 0.050818 0.416667 0.458333 0.042546 0.458333 0.500000 0.036350 0.500000 0.541667 0.028949 0.541667 0.583333 0.022190 0.583333 0.625000 0.017213 0.625000 0.666667 0.011230 0.666667 0.708333 0.007139 0.708333 0.750000 0.003996 0.750000 0.791667 0.002533 0.791667 0.833333 0.002533 0.833333 0.875000 0.002533 0.875000 0.916667 0.002533 0.916667 0.958333 0.002533 0.958333 1.000000 0.002533 1.000000 1.000000 0.002533 1.000000 1.000000 0.002533 1.000000 1.000000 0.002533 1.000000 1.000000 0.002533 1.000000 1.000000 0.002533 1.000000 1.000000 
zMin = 0.000000 zMax = 4.000000
0.002533 -1.000000 -1.000000 0.002533 -1.000000 -1.000000 0.002533 -1.000000 -1.000000 0.002533 -1.000000 -1.000000 0.002533 -1.000000 -1.000000 0.002533 -1.000000 -1.000000 0.002533 -1.000000 -0.958333 0.002533 -0.958333 -0.916667 0.002533 -0.916667 -0.875000 0.002533 -0.875000 -0.833333 0.002533 -0.833333 -0.791667 0.003868 -0.791667 -0.750000 0.007107 -0.750000 -0.708333 0.010454 -0.708333 -0.666667 0.016657 -0.666667 -0.625000 0.022811 -0.625000 -0.583333 0.028284 -0.583333 -0.541667 0.037483 -0.541667 -0.500000 0.043490 -0.500000 -0.458333 0.050934 -0.458333 -0.416667 0.057935 -0.416667 -0.375000 0.064113 -0.375000 -0.333333 0.072966 -0.333333 -0.291667 0.077638 -0.291667 -0.250000 0.082986 -0.250000 -0.208333 0.085539 -0.208333 -0.166667 0.088514 -0.166667 -0.125000 0.091716 -0.125000 -0.083333 0.090774 -0.083333 -0.041667 0.092105 -0.041667 -0.000000 0.090668 -0.000000 0.041667 0.087174 0.041667 0.083333 0.084661 0.083333 0.125000 0.076720 0.125000 0.166667 0.071040 0.166667 0.208333 0.063340 0.208333 0.250000 0.054321 0.250000 0.291667 0.048808 0.291667 0.333333 0.041931 0.333333 0.375000 0.035556 0.375000 0.416667 0.028255 0.416667 0.458333 0.020885 0.458333 0.500000 0.016585 0.500000 0.541667 0.010429 0.541667 0.583333 0.006146 0.583333 0.625000 0.003505 0.625000 0.666667 0.002533 0.666667 0.708333 0.002533 0.708333 0.750000 0.002533 0.750000 0.791667 0.002533 0.791667 0.833333 0.002533 0.833333 0.875000 0.002533 0.875000 0.916667 0.002533 0.916667 0.958333 0.002533 0.958333 1.000000 0.002533 1.000000 1.000000 0.002533 1.000000 1.000000 0.002533 1.000000 1.000000 0.002533 1.000000 1.000000 0.002533 1.000000 1.000000 0.002533 1.000000 1.000000 
zMin = 4.000000 zMax = 8.000000
0.002533 -1.000000 -1.000000 0.002533 -1.000000 -1.000000 0.002533 -1.000000 -1.000000 0.002533 -1.000000 -1.000000 0.002533 -1.000000 -1.000000 0.002533 -1.000000 -1.000000 0.002533 -1.000000 -0.958333 0.002533 -0.958333 -0.916667 0.002566 -0.916667 -0.875000 0.007051 -0.875000 -0.833333 0.010952 -0.833333 -0.791667 0.015789 -0.791667 -0.750000 0.024076 -0.750000 -0.708333 0.029199 -0.708333 -0.666667 0.037451 -0.666667 -0.625000 0.044578 -0.625000 -0.583333 0.050141 -0.583333 -0.541667 0.059383 -0.541667 -0.500000 0.063376 -0.500000 -0.458333 0.070244 -0.458333 -0.416667 0.074664 -0.416667 -0.375000 0.078828 -0.375000 -0.333333 0.084868 -0.333333 -0.291667 0.085267 -0.291667 -0.250000 0.087901 -0.250000 -0.208333 0.090968 -0.208333 -0.166667 0.086447 -0.166667 -0.125000 0.087212 -0.125000 -0.083333 0.083307 -0.083333 -0.041667 0.078920 -0.041667 -0.000000 0.075896 -0.000000 0.041667 0.070015 0.041667 0.083333 0.065555 0.083333 0.125000 0.056434 0.125000 0.166667 0.049918 0.166667 0.208333 0.042230 0.208333 0.250000 0.033455 0.250000 0.291667 0.026534 0.291667 0.333333 0.018917 0.333333 0.375000 0.014718 0.375000 0.416667 0.009217 0.416667 0.458333 0.005943 0.458333 0.500000 0.003641 0.500000 0.541667 0.002533 0.541667 0.583333 0.002533 0.583333 0.625000 0.002533 0.625000 0.666667 0.002533 0.666667 0.708333 0.002533 0.708333 0.750000 0.002533 0.750000 0.791667 0.002533 0.791667 0.833333 0.002533 0.833333 0.875000 0.002533 0.875000 0.916667 0.002533 0.916667 0.958333 0.002533 0.958333 1.000000 0.002533 1.000000 1.000000 0.002533 1.000000 1.000000 0.002533 1.000000 1.000000 0.002533 1.000000 1.000000 0.002533 1.000000 1.000000 0.002533 1.000000 1.000000 
zMin = 8.000000 zMax = 12.000000
0.002533 -1.000000 -1.000000 0.002533 -1.000000 -1.000000 0.002533 -1.000000 -1.000000 0.002533 -1.000000 -1.000000 0.002533 -1.000000 -1.000000 0.002533 -1.000000 -1.000000 0.002533 -1.000000 -0.958333 0.005320 -0.958333 -0.916667 0.012420 -0.916667 -0.875000 0.018171 -0.875000 -0.833333 0.027429 -0.833333 -0.791667 0.034160 -0.791667 -0.750000 0.041276 -0.750000 -0.708333 0.047208 -0.708333 -0.666667 0.056744 -0.666667 -0.625000 0.060697 -0.625000 -0.583333 0.066114 -0.583333 -0.541667 0.072829 -0.541667 -0.500000 0.075934 -0.500000 -0.458333 0.078775 -0.458333 -0.416667 0.083576 -0.416667 -0.375000 0.085147 -0.375000 -0.333333 0.084197 -0.333333 -0.291667 0.085229 -0.291667 -0.250000 0.082169 -0.250000 -0.208333 0.079445 -0.208333 -0.166667 0.075983 -0.166667 -0.125000 0.069339 -0.125000 -0.083333 0.065658 -0.083333 -0.041667 0.058618 -0.041667 -0.000000 0.052465 -0.000000 0.041667 0.047270 0.041667 0.083333 0.040272 0.083333 0.125000 0.033245 0.125000 0.166667 0.025362 0.166667 0.208333 0.021203 0.208333 0.250000 0.015154 0.250000 0.291667 0.011471 0.291667 0.333333 0.007302 0.333333 0.375000 0.003600 0.375000 0.416667 0.002533 0.416667 0.458333 0.002533 0.458333 0.500000 0.002533 0.500000 0.541667 0.002533 0.541667 0.583333 0.002533 0.583333 0.625000 0.002533 0.625000 0.666667 0.002533 0.666667 0.708333 0.002533 0.708333 0.750000 0.002533 0.750000 0.791667 0.002533 0.791667 0.833333 0.002533 0.833333 0.875000 0.002533 0.875000 0.916667 0.002533 0.916667 0.958333 0.002533 0.958333 1.000000 0.002533 1.000000 1.000000 0.002533 1.000000 1.000000 0.002533 1.000000 1.000000 0.002533 1.000000 1.000000 0.002533 1.000000 1.000000 0.002533 1.000000 1.000000 
zMin = 12.000000 zMax = 16.000000
0.002533 -1.000000 -1.000000 0.002533 -1.000000 -1.000000 0.002533 -1.000000 -1.000000 0.002533 -1.000000 -1.000000 0.002533 -1.000000 -1.000000 0.002533 -1.000000 -1.000000 0.006364 -1.000000 -0.958333 0.014294 -0.958333 -0.916667 0.023905 -0.916667 -0.875000 0.031946 -0.875000 -0.833333 0.041993 -0.833333 -0.791667 0.048213 -0.791667 -0.750000 0.054833 -0.750000 -0.708333 0.058688 -0.708333 -0.666667 0.064238 -0.666667 -0.625000 0.069986 -0.625000 -0.583333 0.073103 -0.583333 -0.541667 0.076952 -0.541667 -0.500000 0.078590 -0.500000 -0.458333 0.078534 -0.458333 -0.416667 0.079947 -0.416667 -0.375000 0.079051 -0.375000 -0.333333 0.076883 -0.333333 -0.291667 0.072805 -0.291667 -0.250000 0.067419 -0.250000 -0.208333 0.064962 -0.208333 -0.166667 0.057654 -0.166667 -0.125000 0.051836 -0.125000 -0.083333 0.047382 -0.083333 -0.041667 0.040101 -0.041667 -0.000000 0.034162 -0.000000 0.041667 0.025491 0.041667 0.083333 0.021674 0.083333 0.125000 0.014984 0.125000 0.166667 0.011033 0.166667 0.208333 0.008540 0.208333 0.250000 0.005408 0.250000 0.291667 0.002793 0.291667 0.333333 0.002533 0.333333 0.375000 0.002533 0.375000 0.416667 0.002533 0.416667 0.458333 0.002533 0.458333 0.500000 0.002533 0.500000 0.541667 0.002533 0.541667 0.583333 0.002533 0.583333 0.625000 0.002533 0.625000 0.666667 0.002533 0.666667 0.708333 0.002533 0.708333 0.750000 0.002533 0.750000 0.791667 0.002533 0.791667 0.833333 0.002533 0.833333 0.875000 0.002533 0.875000 0.916667 0.002533 0.916667 0.958333 0.002533 0.958333 1.000000 0.002533 1.000000 1.000000 0.002533 1.000000 1.000000 0.002533 1.000000 1.000000 0.002533 1.000000 1.000000 0.002533 1.000000 1.000000 0.002533 1.000000 1.000000 
zMin = 16.000000 zMax = 20.000000
0.002533 -1.000000 -1.000000 0.002533 -1.000000 -1.000000 0.002533 -1.000000 -1.000000 0.002533 -1.000000 -1.000000 0.002533 -1.000000 -1.000000 0.002533 -1.000000 -1.000000 0.014267 -1.000000 -0.958333 0.026122 -0.958333 -0.916667 0.037394 -0.916667 -0.875000 0.043936 -0.875000 -0.833333 0.051057 -0.833333 -0.791667 0.055975 -0.791667 -0.750000 0.059892 -0.750000 -0.708333 0.063662 -0.708333 -0.666667 0.069141 -0.666667 -0.625000 0.072780 -0.625000 -0.583333 0.072112 -0.583333 -0.541667 0.073523 -0.541667 -0.500000 0.073198 -0.500000 -0.458333 0.073178 -0.458333 -0.416667 0.069923 -0.416667 -0.375000 0.066847 -0.375000 -0.333333 0.061767 -0.333333 -0.291667 0.058063 -0.291667 -0.250000 0.050262 -0.250000 -0.208333 0.047362 -0.208333 -0.166667 0.040415 -0.166667 -0.125000 0.032798 -0.125000 -0.083333 0.027168 -0.083333 -0.041667 0.021853 -0.041667 -0.000000 0.018095 -0.000000 0.041667 0.012919 0.041667 0.083333 0.009685 0.083333 0.125000 0.007236 0.125000 0.166667 0.004377 0.166667 0.208333 0.003279 0.208333 0.250000 0.003132 0.250000 0.291667 0.002533 0.291667 0.333333 0.002533 0.333333 0.375000 0.002533 0.375000 0.416667 0.002533 0.416667 0.458333 0.002533 0.458333 0.500000 0.002533 0.500000 0.541667 0.002533 0.541667 0.583333 0.002533 0.583333 0.625000 0.002533 0.625000 0.666667 0.002533 0.666667 0.708333 0.002533 0.708333 0.750000 0.002533 0.750000 0.791667 0.002533 0.791667 0.833333 0.002533 0.833333 0.875000 0.002533 0.875000 0.916667 0.002533 0.916667 0.958333 0.002533 0.958333 1.000000 0.002533 1.000000 1.000000 0.002533 1.000000 1.000000 0.002533 1.000000 1.000000 0.002533 1.000000 1.000000 0.002533 1.000000 1.000000 0.002533 1.000000 1.000000 
zMin = 20.000000 zMax = 24.000000
0.002533 -1.000000 -1.000000 0.002533 -1.000000 -1.000000 0.002533 -1.000000 -1.000000 0.002533 -1.000000 -1.000000 0.002533 -1.000000 -1.000000 0.002533 -1.000000 -1.000000 0.022257 -1.000000 -0.958333 0.035293 -0.958333 -0.916667 0.043021 -0.916667 -0.875000 0.050067 -0.875000 -0.833333 0.056892 -0.833333 -0.791667 0.061259 -0.791667 -0.750000 0.066796 -0.750000 -0.708333 0.067321 -0.708333 -0.666667 0.070418 -0.666667 -0.625000 0.070523 -0.625000 -0.583333 0.070716 -0.583333 -0.541667 0.068378 -0.541667 -0.500000 0.065356 -0.500000 -0.458333 0.061790 -0.458333 -0.416667 0.058735 -0.416667 -0.375000 0.053857 -0.375000 -0.333333 0.047988 -0.333333 -0.291667 0.042363 -0.291667 -0.250000 0.037029 -0.250000 -0.208333 0.030516 -0.208333 -0.166667 0.025809 -0.166667 -0.125000 0.019925 -0.125000 -0.083333 0.015547 -0.083333 -0.041667 0.013071 -0.041667 -0.000000 0.009488 -0.000000 0.041667 0.006753 0.041667 0.083333 0.004001 0.083333 0.125000 0.002925 0.125000 0.166667 0.002533 0.166667 0.208333 0.002533 0.208333 0.250000 0.002533 0.250000 0.291667 0.002533 0.291667 0.333333 0.002533 0.333333 0.375000 0.002533 0.375000 0.416667 0.002533 0.416667 0.458333 0.002533 0.458333 0.500000 0.002533 0.500000 0.541667 0.002533 0.541667 0.583333 0.002533 0.583333 0.625000 0.002533 0.625000 0.666667 0.002533 0.666667 0.708333 0.002533 0.708333 0.750000 0.002533 0.750000 0.791667 0.002533 0.791667 0.833333 0.002533 0.833333 0.875000 0.002533 0.875000 0.916667 0.002533 0.916667 0.958333 0.002533 0.958333 1.000000 0.002533 1.000000 1.000000 0.002533 1.000000 1.000000 0.002533 1.000000 1.000000 0.002533 1.000000 1.000000 0.002533 1.000000 1.000000 0.002533 1.000000 1.000000 
